0.0
0.0
0.0
72.0
0.0
65.0
3.0
140.0
0.0
83.0
14.0
169.0
78.0
226.0
95.0
315.0
0.0
97.0
28.0
197.0
42.0
204.0
73.0
307.0
23.0
203.0
65.0
317.0
143.0
388.0
188.0
505.0
0.0
69.0
91.0
232.0
2.0
136.0
96.0
302.0
25.0
177.0
130.0
354.0
105.0
322.0
213.0
502.0
73.0
239.0
192.0
430.0
117.0
348.0
239.0
542.0
121.0
370.0
254.0
575.0
243.0
557.0
379.0
765.0
0.0
12.0
9.0
93.0
43.0
120.0
55.0
204.0
25.0
120.0
48.0
215.0
146.0
306.0
172.0
404.0
22.0
131.0
59.0
240.0
107.0
281.0
147.0
393.0
70.0
262.0
121.0
385.0
233.0
490.0
287.0
616.0
52.0
133.0
152.0
305.0
97.0
243.0
200.0
418.0
102.0
266.0
216.0
452.0
225.0
454.0
342.0
643.0
147.0
325.0
275.0
525.0
234.0
477.0
365.0
680.0
220.0
481.0
362.0
695.0
385.0
711.0
530.0
928.0
0.0
41.0
68.0
181.0
92.0
198.0
163.0
341.0
63.0
187.0
145.0
341.0
233.0
422.0
318.0
579.0
22.0
160.0
118.0
328.0
156.0
359.0
255.0
530.0
108.0
329.0
218.0
511.0
320.0
606.0
433.0
791.0
37.0
147.0
196.0
378.0
131.0
306.0
293.0
540.0
125.0
318.0
298.0
563.0
297.0
555.0
473.0
803.0
132.0
339.0
319.0
598.0
268.0
540.0
458.0
802.0
243.0
533.0
444.0
806.0
457.0
812.0
661.0
1088.0
98.0
151.0
175.0
300.0
233.0
351.0
313.0
503.0
186.0
322.0
277.0
485.0
399.0
600.0
493.0
766.0
142.0
292.0
247.0
469.0
319.0
534.0
427.0
714.0
253.0
486.0
372.0
677.0
508.0
806.0
630.0
1000.0
187.0
309.0
355.0
549.0
324.0
511.0
495.0
754.0
300.0
505.0
482.0
759.0
515.0
785.0
700.0
1042.0
304.0
523.0
500.0
791.0
483.0
767.0
682.0
1038.0
440.0
742.0
650.0
1024.0
697.0
1064.0
910.0
1349.0
0.0
81.0
3.0
156.0
61.0
207.0
67.0
285.0
38.0
202.0
55.0
291.0
177.0
406.0
197.0
498.0
2.0
180.0
33.0
283.0
105.0
348.0
139.0
454.0
63.0
324.0
108.0
441.0
244.0
570.0
292.0
690.0
77.0
227.0
171.0
393.0
140.0
355.0
237.0
524.0
140.0
373.0
248.0
553.0
281.0
579.0
392.0
762.0
152.0
399.0
274.0
593.0
257.0
569.0
382.0
766.0
238.0
568.0
374.0
776.0
421.0
816.0
560.0
1027.0
7.0
100.0
19.0
184.0
111.0
269.0
126.0
356.0
70.0
246.0
96.0
344.0
252.0
493.0
281.0
594.0
31.0
221.0
71.0
333.0
177.0
432.0
220.0
547.0
117.0
390.0
171.0
516.0
341.0
679.0
398.0
808.0
136.0
298.0
239.0
473.0
242.0
469.0
348.0
647.0
224.0
469.0
341.0
658.0
408.0
718.0
528.0
910.0
233.0
492.0
364.0
695.0
381.0
705.0
515.0
911.0
344.0
686.0
489.0
903.0
570.0
977.0
718.0
1197.0
57.0
179.0
128.0
322.0
210.0
397.0
284.0
543.0
158.0
363.0
243.0
520.0
389.0
659.0
477.0
819.0
81.0
300.0
180.0
471.0
276.0
560.0
378.0
734.0
205.0
507.0
318.0
692.0
478.0
845.0
594.0
1033.0
171.0
362.0
333.0
596.0
326.0
582.0
491.0
819.0
297.0
571.0
473.0
819.0
530.0
869.0
709.0
1120.0
268.0
556.0
458.0
818.0
465.0
818.0
658.0
1083.0
417.0
788.0
621.0
1064.0
692.0
1128.0
899.0
1407.0
162.0
296.0
242.0
448.0
358.0
557.0
441.0
712.0
288.0
505.0
382.0
671.0
562.0
844.0
659.0
1013.0
208.0
439.0
316.0
619.0
446.0
742.0
557.0
925.0
357.0
671.0
479.0
865.0
673.0
1052.0
798.0
1249.0
328.0
531.0
499.0
774.0
526.0
794.0
700.0
1040.0
479.0
765.0
664.0
1022.0
755.0
1106.0
943.0
1366.0
447.0
747.0
646.0
1018.0
687.0
1052.0
889.0
1326.0
621.0
1004.0
834.0
1289.0
939.0
1387.0
1155.0
1675.0
0.0
53.0
97.0
222.0
40.0
158.0
140.0
330.0
26.0
162.0
137.0
345.0
144.0
345.0
258.0
531.0
17.0
167.0
142.0
364.0
99.0
314.0
227.0
514.0
66.0
299.0
205.0
510.0
226.0
524.0
368.0
738.0
63.0
185.0
251.0
445.0
105.0
292.0
296.0
555.0
114.0
319.0
316.0
593.0
234.0
504.0
439.0
781.0
153.0
372.0
369.0
660.0
237.0
521.0
456.0
812.0
227.0
529.0
457.0
831.0
389.0
756.0
622.0
1061.0
10.0
75.0
116.0
253.0
93.0
223.0
202.0
404.0
61.0
209.0
181.0
401.0
222.0
435.0
345.0
630.0
49.0
211.0
183.0
417.0
174.0
401.0
311.0
610.0
123.0
368.0
271.0
588.0
326.0
636.0
477.0
859.0
125.0
259.0
322.0
528.0
210.0
409.0
410.0
681.0
201.0
418.0
412.0
701.0
364.0
646.0
578.0
932.0
237.0
468.0
462.0
765.0
364.0
660.0
592.0
960.0
336.0
650.0
575.0
961.0
541.0
920.0
783.0
1234.0
54.0
148.0
219.0
385.0
186.0
345.0
354.0
585.0
143.0
320.0
322.0
571.0
353.0
595.0
535.0
849.0
93.0
284.0
286.0
549.0
267.0
523.0
463.0
791.0
205.0
479.0
412.0
758.0
457.0
796.0
667.0
1078.0
154.0
317.0
410.0
645.0
288.0
516.0
547.0
847.0
268.0
514.0
538.0
856.0
480.0
791.0
753.0
1136.0
266.0
526.0
550.0
882.0
442.0
767.0
729.0
1126.0
403.0
746.0
701.0
1116.0
657.0
1065.0
958.0
1438.0
162.0
268.0
336.0
514.0
337.0
508.0
514.0
757.0
276.0
465.0
464.0
725.0
529.0
783.0
720.0
1046.0
223.0
426.0
425.0
700.0
440.0
708.0
645.0
985.0
360.0
646.0
576.0
934.0
655.0
1006.0
874.0
1297.0
314.0
489.0
579.0
826.0
491.0
731.0
759.0
1071.0
453.0
711.0
732.0
1062.0
708.0
1031.0
990.0
1385.0
448.0
720.0
741.0
1085.0
667.0
1004.0
963.0
1372.0
610.0
965.0
917.0
1344.0
907.0
1327.0
1217.0
1709.0
53.0
187.0
153.0
359.0
154.0
353.0
257.0
528.0
117.0
334.0
231.0
520.0
296.0
578.0
413.0
767.0
72.0
303.0
200.0
503.0
215.0
511.0
346.0
714.0
159.0
473.0
301.0
687.0
380.0
759.0
525.0
976.0
193.0
396.0
384.0
659.0
296.0
564.0
490.0
830.0
282.0
568.0
487.0
845.0
463.0
814.0
671.0
1094.0
285.0
585.0
504.0
876.0
430.0
795.0
652.0
1089.0
397.0
780.0
630.0
1085.0
620.0
1068.0
856.0
1376.0
70.0
216.0
179.0
397.0
214.0
425.0
326.0
609.0
159.0
388.0
282.0
583.0
381.0
675.0
507.0
873.0
111.0
354.0
248.0
563.0
297.0
605.0
437.0
817.0
223.0
549.0
374.0
772.0
487.0
878.0
641.0
1104.0
262.0
477.0
462.0
749.0
408.0
688.0
611.0
963.0
376.0
674.0
590.0
960.0
600.0
963.0
817.0
1252.0
376.0
688.0
604.0
988.0
564.0
941.0
795.0
1244.0
513.0
908.0
755.0
1222.0
779.0
1239.0
1024.0
1556.0
164.0
339.0
332.0
579.0
357.0
597.0
528.0
840.0
291.0
549.0
473.0
803.0
562.0
885.0
747.0
1142.0
205.0
477.0
401.0
745.0
440.0
777.0
639.0
1048.0
355.0
710.0
565.0
992.0
668.0
1088.0
881.0
1373.0
341.0
585.0
600.0
916.0
536.0
845.0
798.0
1179.0
493.0
820.0
766.0
1165.0
766.0
1158.0
1042.0
1506.0
455.0
796.0
742.0
1155.0
692.0
1098.0
982.0
1460.0
630.0
1054.0
931.0
1427.0
945.0
1434.0
1249.0
1810.0
279.0
466.0
456.0
715.0
515.0
767.0
695.0
1019.0
431.0
701.0
622.0
964.0
745.0
1080.0
939.0
1346.0
342.0
626.0
547.0
903.0
620.0
969.0
828.0
1249.0
517.0
884.0
736.0
1175.0
873.0
1305.0
1095.0
1599.0
508.0
764.0
776.0
1104.0
746.0
1067.0
1017.0
1410.0
685.0
1024.0
967.0
1378.0
1001.0
1405.0
1286.0
1762.0
644.0
997.0
940.0
1365.0
924.0
1342.0
1223.0
1713.0
844.0
1280.0
1154.0
1662.0
1202.0
1703.0
1515.0
2088.0
0.0
60.0
79.0
211.0
48.0
173.0
130.0
327.0
49.0
192.0
142.0
357.0
175.0
383.0
271.0
551.0
87.0
244.0
194.0
423.0
177.0
399.0
287.0
581.0
159.0
399.0
280.0
592.0
327.0
632.0
451.0
828.0
63.0
192.0
233.0
434.0
113.0
307.0
286.0
552.0
137.0
349.0
321.0
605.0
265.0
542.0
452.0
801.0
223.0
449.0
421.0
719.0
315.0
606.0
516.0
879.0
320.0
629.0
532.0
913.0
490.0
864.0
705.0
1151.0
4.0
76.0
92.0
236.0
95.0
232.0
186.0
395.0
78.0
233.0
180.0
407.0
247.0
467.0
352.0
644.0
113.0
282.0
229.0
470.0
246.0
480.0
365.0
671.0
210.0
462.0
340.0
664.0
421.0
738.0
554.0
943.0
119.0
260.0
298.0
511.0
212.0
418.0
394.0
672.0
218.0
442.0
411.0
707.0
389.0
678.0
585.0
946.0
301.0
539.0
508.0
818.0
436.0
739.0
646.0
1021.0
423.0
744.0
644.0
1037.0
636.0
1022.0
860.0
1318.0
83.0
184.0
230.0
403.0
223.0
389.0
373.0
611.0
195.0
379.0
356.0
612.0
413.0
662.0
577.0
898.0
192.0
390.0
367.0
637.0
374.0
637.0
552.0
887.0
327.0
608.0
516.0
869.0
587.0
933.0
779.0
1197.0
183.0
353.0
421.0
663.0
325.0
560.0
566.0
873.0
320.0
573.0
572.0
897.0
540.0
858.0
795.0
1185.0
365.0
632.0
631.0
970.0
549.0
881.0
818.0
1222.0
525.0
875.0
805.0
1227.0
787.0
1202.0
1070.0
1557.0
185.0
298.0
341.0
526.0
368.0
546.0
527.0
777.0
322.0
518.0
492.0
760.0
583.0
844.0
756.0
1089.0
316.0
526.0
500.0
782.0
541.0
816.0
728.0
1075.0
476.0
769.0
674.0
1039.0
779.0
1137.0
980.0
1410.0
337.0
519.0
584.0
838.0
522.0
769.0
772.0
1091.0
499.0
764.0
760.0
1097.0
762.0
1092.0
1026.0
1428.0
541.0
820.0
816.0
1167.0
768.0
1112.0
1046.0
1462.0
726.0
1088.0
1015.0
1449.0
1031.0
1458.0
1323.0
1822.0
47.0
188.0
129.0
342.0
156.0
362.0
241.0
519.0
134.0
358.0
230.0
526.0
321.0
610.0
420.0
781.0
136.0
374.0
246.0
556.0
287.0
590.0
400.0
775.0
246.0
567.0
370.0
763.0
475.0
861.0
602.0
1060.0
187.0
397.0
360.0
642.0
298.0
573.0
474.0
821.0
299.0
592.0
486.0
851.0
488.0
846.0
678.0
1108.0
349.0
656.0
550.0
929.0
502.0
874.0
706.0
1150.0
484.0
874.0
699.0
1161.0
715.0
1170.0
933.0
1460.0
58.0
211.0
149.0
374.0
210.0
428.0
304.0
594.0
170.0
406.0
275.0
583.0
400.0
701.0
508.0
881.0
169.0
419.0
288.0
610.0
363.0
678.0
485.0
872.0
304.0
637.0
437.0
842.0
576.0
974.0
712.0
1182.0
250.0
472.0
432.0
726.0
404.0
691.0
589.0
948.0
387.0
692.0
583.0
960.0
619.0
989.0
818.0
1260.0
434.0
753.0
644.0
1035.0
630.0
1014.0
843.0
1299.0
594.0
996.0
818.0
1292.0
868.0
1335.0
1095.0
1634.0
187.0
369.0
337.0
591.0
388.0
635.0
541.0
860.0
337.0
602.0
501.0
838.0
616.0
946.0
783.0
1185.0
298.0
577.0
476.0
827.0
541.0
885.0
722.0
1138.0
471.0
833.0
663.0
1097.0
792.0
1219.0
987.0
1486.0
364.0
615.0
605.0
928.0
567.0
883.0
811.0
1199.0
539.0
873.0
794.0
1200.0
820.0
1219.0
1078.0
1549.0
548.0
896.0
817.0
1237.0
793.0
1206.0
1065.0
1550.0
746.0
1177.0
1029.0
1532.0
1069.0
1565.0
1355.0
1923.0
296.0
490.0
455.0
721.0
540.0
799.0
702.0
1033.0
471.0
748.0
644.0
993.0
793.0
1135.0
969.0
1383.0
429.0
720.0
616.0
979.0
715.0
1071.0
905.0
1333.0
627.0
1001.0
828.0
1274.0
991.0
1430.0
1195.0
1706.0
525.0
788.0
775.0
1110.0
771.0
1099.0
1024.0
1424.0
725.0
1071.0
989.0
1407.0
1049.0
1460.0
1316.0
1799.0
731.0
1091.0
1009.0
1441.0
1019.0
1444.0
1300.0
1797.0
954.0
1397.0
1246.0
1761.0
1320.0
1828.0
1615.0
2195.0
98.0
211.0
274.0
459.0
186.0
364.0
365.0
615.0
173.0
369.0
363.0
631.0
339.0
600.0
532.0
865.0
202.0
412.0
406.0
688.0
332.0
607.0
539.0
886.0
300.0
593.0
518.0
883.0
508.0
866.0
729.0
1159.0
224.0
406.0
491.0
745.0
314.0
561.0
584.0
903.0
324.0
589.0
605.0
942.0
492.0
822.0
776.0
1178.0
401.0
680.0
696.0
1047.0
533.0
877.0
831.0
1247.0
524.0
886.0
833.0
1267.0
734.0
1161.0
1046.0
1545.0
112.0
237.0
297.0
494.0
243.0
433.0
431.0
693.0
212.0
420.0
411.0
691.0
421.0
694.0
623.0
968.0
238.0
460.0
451.0
745.0
411.0
698.0
627.0
986.0
361.0
666.0
588.0
965.0
612.0
982.0
842.0
1284.0
290.0
484.0
566.0
832.0
423.0
682.0
702.0
1033.0
415.0
692.0
705.0
1054.0
626.0
968.0
919.0
1333.0
489.0
780.0
793.0
1156.0
664.0
1020.0
971.0
1399.0
637.0
1011.0
955.0
1401.0
890.0
1329.0
1211.0
1722.0
235.0
389.0
479.0
705.0
415.0
634.0
662.0
953.0
373.0
610.0
631.0
940.0
631.0
933.0
892.0
1266.0
361.0
612.0
633.0
956.0
583.0
899.0
858.0
1246.0
522.0
856.0
808.0
1214.0
822.0
1221.0
1111.0
1582.0
398.0
621.0
733.0
1028.0
580.0
868.0
918.0
1278.0
561.0
867.0
910.0
1288.0
821.0
1192.0
1173.0
1616.0
597.0
917.0
960.0
1352.0
821.0
1206.0
1187.0
1644.0
783.0
1186.0
1160.0
1635.0
1085.0
1553.0
1465.0
2005.0
347.0
513.0
600.0
838.0
570.0
801.0
826.0
1129.0
510.0
759.0
777.0
1098.0
811.0
1125.0
1081.0
1467.0
495.0
758.0
776.0
1111.0
760.0
1088.0
1044.0
1444.0
681.0
1027.0
976.0
1394.0
1024.0
1435.0
1322.0
1805.0
562.0
797.0
906.0
1213.0
787.0
1087.0
1134.0
1506.0
750.0
1068.0
1108.0
1498.0
1053.0
1436.0
1414.0
1869.0
783.0
1115.0
1155.0
1559.0
1050.0
1447.0
1425.0
1894.0
994.0
1409.0
1380.0
1867.0
1339.0
1819.0
1728.0
2280.0
198.0
392.0
377.0
643.0
347.0
606.0
529.0
860.0
311.0
588.0
504.0
853.0
538.0
880.0
734.0
1148.0
304.0
595.0
511.0
874.0
495.0
851.0
705.0
1133.0
440.0
814.0
661.0
1107.0
709.0
1148.0
933.0
1444.0
401.0
664.0
671.0
1006.0
552.0
880.0
825.0
1225.0
539.0
885.0
823.0
1241.0
768.0
1179.0
1055.0
1538.0
580.0
940.0
878.0
1310.0
773.0
1198.0
1074.0
1571.0
741.0
1184.0
1053.0
1568.0
1012.0
1520.0
1327.0
1907.0
219.0
425.0
407.0
685.0
411.0
682.0
602.0
945.0
357.0
646.0
559.0
920.0
627.0
981.0
832.0
1258.0
347.0
650.0
563.0
938.0
581.0
949.0
800.0
1240.0
508.0
894.0
738.0
1196.0
820.0
1271.0
1053.0
1576.0
474.0
749.0
753.0
1100.0
668.0
1008.0
950.0
1362.0
637.0
995.0
930.0
1360.0
909.0
1332.0
1205.0
1700.0
675.0
1047.0
982.0
1426.0
911.0
1348.0
1221.0
1730.0
861.0
1316.0
1182.0
1709.0
1175.0
1695.0
1499.0
2091.0
392.0
627.0
639.0
946.0
633.0
933.0
883.0
1255.0
568.0
886.0
829.0
1219.0
887.0
1270.0
1151.0
1606.0
520.0
852.0
795.0
1199.0
803.0
1200.0
1081.0
1550.0
719.0
1134.0
1008.0
1495.0
1080.0
1560.0
1372.0
1924.0
632.0
936.0
970.0
1346.0
875.0
1244.0
1216.0
1657.0
833.0
1220.0
1185.0
1644.0
1154.0
1606.0
1509.0
2033.0
833.0
1234.0
1199.0
1672.0
1118.0
1584.0
1487.0
2025.0
1057.0
1541.0
1437.0
1993.0
1420.0
1969.0
1803.0
2424.0
511.0
758.0
767.0
1086.0
795.0
1107.0
1054.0
1438.0
712.0
1042.0
982.0
1384.0
1074.0
1469.0
1347.0
1814.0
661.0
1005.0
945.0
1361.0
987.0
1396.0
1274.0
1755.0
885.0
1312.0
1183.0
1682.0
1289.0
1781.0
1590.0
2154.0
803.0
1119.0
1150.0
1538.0
1089.0
1470.0
1439.0
1892.0
1029.0
1428.0
1390.0
1861.0
1393.0
1857.0
1757.0
2293.0
1026.0
1439.0
1401.0
1886.0
1354.0
1832.0
1732.0
2282.0
1275.0
1771.0
1664.0
2232.0
1681.0
2242.0
2073.0
2706.0
0.0
30.0
67.0
169.0
31.0
126.0
101.0
268.0
42.0
155.0
123.0
308.0
151.0
329.0
235.0
485.0
97.0
224.0
192.0
391.0
170.0
362.0
268.0
532.0
162.0
372.0
271.0
553.0
313.0
588.0
425.0
772.0
8.0
107.0
166.0
337.0
41.0
205.0
202.0
438.0
75.0
257.0
247.0
501.0
186.0
433.0
361.0
680.0
178.0
374.0
364.0
632.0
253.0
514.0
442.0
775.0
268.0
547.0
468.0
819.0
421.0
765.0
624.0
1040.0
23.0
65.0
99.0
213.0
97.0
204.0
176.0
355.0
90.0
215.0
180.0
377.0
242.0
432.0
335.0
597.0
142.0
281.0
246.0
457.0
258.0
462.0
365.0
641.0
232.0
454.0
350.0
644.0
426.0
713.0
547.0
906.0
83.0
194.0
250.0
433.0
159.0
335.0
329.0
577.0
175.0
369.0
356.0
622.0
329.0
588.0
513.0
844.0
275.0
483.0
470.0
750.0
393.0
666.0
591.0
936.0
390.0
681.0
599.0
962.0
586.0
942.0
798.0
1226.0
84.0
155.0
219.0
362.0
207.0
343.0
345.0
553.0
189.0
343.0
338.0
564.0
390.0
609.0
542.0
833.0
203.0
371.0
366.0
606.0
368.0
601.0
534.0
839.0
331.0
582.0
508.0
831.0
574.0
890.0
754.0
1142.0
129.0
269.0
355.0
567.0
254.0
459.0
483.0
760.0
259.0
482.0
499.0
794.0
462.0
750.0
705.0
1065.0
321.0
558.0
575.0
884.0
488.0
790.0
745.0
1119.0
474.0
794.0
742.0
1134.0
719.0
1104.0
990.0
1447.0
205.0
288.0
349.0
504.0
371.0
519.0
518.0
738.0
335.0
501.0
493.0
731.0
579.0
810.0
740.0
1043.0
346.0
526.0
518.0
770.0
554.0
799.0
729.0
1046.0
499.0
762.0
685.0
1020.0
785.0
1113.0
974.0
1374.0
302.0
454.0
537.0
761.0
470.0
687.0
708.0
997.0
457.0
692.0
706.0
1013.0
703.0
1003.0
955.0
1327.0
516.0
765.0
779.0
1100.0
726.0
1040.0
992.0
1378.0
694.0
1026.0
971.0
1375.0
982.0
1379.0
1262.0
1731.0
24.0
135.0
94.0
277.0
116.0
292.0
189.0
437.0
104.0
298.0
188.0
454.0
274.0
533.0
361.0
692.0
123.0
331.0
221.0
501.0
257.0
530.0
358.0
703.0
226.0
517.0
338.0
701.0
438.0
794.0
553.0
981.0
109.0
289.0
270.0
522.0
203.0
448.0
367.0
684.0
214.0
477.0
389.0
724.0
386.0
714.0
564.0
964.0
281.0
558.0
470.0
819.0
417.0
759.0
609.0
1023.0
409.0
769.0
612.0
1044.0
623.0
1048.0
829.0
1326.0
54.0
177.0
133.0
328.0
189.0
377.0
271.0
531.0
159.0
365.0
252.0
530.0
372.0
643.0
468.0
811.0
175.0
395.0
282.0
574.0
352.0
637.0
462.0
819.0
303.0
606.0
424.0
799.0
558.0
926.0
682.0
1122.0
191.0
383.0
361.0
625.0
328.0
585.0
501.0
830.0
321.0
596.0
505.0
852.0
536.0
876.0
723.0
1135.0
385.0
674.0
583.0
944.0
564.0
918.0
765.0
1191.0
538.0
910.0
750.0
1194.0
795.0
1232.0
1010.0
1519.0
165.0
317.0
303.0
527.0
349.0
566.0
490.0
779.0
308.0
543.0
460.0
767.0
570.0
870.0
725.0
1097.0
286.0
535.0
452.0
773.0
512.0
826.0
681.0
1067.0
452.0
784.0
632.0
1036.0
756.0
1153.0
939.0
1408.0
287.0
508.0
516.0
809.0
473.0
759.0
705.0
1063.0
455.0
759.0
698.0
1074.0
719.0
1088.0
965.0
1406.0
481.0
799.0
738.0
1128.0
709.0
1092.0
969.0
1424.0
672.0
1073.0
943.0
1416.0
978.0
1444.0
1252.0
1790.0
293.0
457.0
440.0
676.0
520.0
749.0
670.0
971.0
461.0
708.0
622.0
941.0
766.0
1078.0
930.0
1314.0
436.0
697.0
611.0
944.0
705.0
1031.0
883.0
1281.0
627.0
971.0
816.0
1232.0
974.0
1383.0
1166.0
1647.0
467.0
700.0
705.0
1010.0
696.0
994.0
937.0
1307.0
660.0
976.0
912.0
1300.0
967.0
1348.0
1222.0
1675.0
683.0
1013.0
949.0
1351.0
954.0
1349.0
1223.0
1690.0
899.0
1312.0
1179.0
1664.0
1248.0
1726.0
1531.0
2081.0
36.0
119.0
200.0
355.0
107.0
255.0
274.0
494.0
104.0
270.0
282.0
520.0
253.0
484.0
434.0
737.0
150.0
330.0
342.0
594.0
263.0
508.0
458.0
775.0
241.0
504.0
447.0
782.0
432.0
760.0
641.0
1041.0
107.0
259.0
362.0
586.0
180.0
397.0
438.0
727.0
200.0
435.0
469.0
776.0
351.0
651.0
623.0
995.0
294.0
543.0
577.0
898.0
409.0
723.0
695.0
1081.0
410.0
742.0
707.0
1111.0
603.0
1000.0
903.0
1372.0
69.0
164.0
242.0
409.0
183.0
343.0
359.0
591.0
162.0
340.0
349.0
599.0
354.0
597.0
544.0
859.0
205.0
397.0
406.0
670.0
361.0
618.0
565.0
894.0
321.0
596.0
536.0
883.0
555.0
895.0
773.0
1185.0
192.0
356.0
456.0
692.0
308.0
537.0
575.0
876.0
310.0
557.0
588.0
907.0
504.0
816.0
785.0
1169.0
401.0
662.0
693.0
1026.0
559.0
885.0
854.0
1252.0
542.0
886.0
848.0
1264.0
778.0
1187.0
1087.0
1568.0
174.0
298.0
406.0
602.0
337.0
526.0
572.0
833.0
305.0
512.0
551.0
830.0
546.0
818.0
795.0
1139.0
310.0
531.0
570.0
863.0
515.0
801.0
778.0
1136.0
464.0
768.0
738.0
1114.0
747.0
1116.0
1024.0
1465.0
282.0
475.0
605.0
870.0
447.0
705.0
773.0
1103.0
438.0
714.0
775.0
1123.0
681.0
1022.0
1021.0
1434.0
491.0
781.0
842.0
1204.0
698.0
1053.0
1052.0
1479.0
670.0
1043.0
1035.0
1480.0
955.0
1393.0
1323.0
1833.0
305.0
441.0
546.0
754.0
511.0
712.0
755.0
1028.0
461.0
680.0
716.0
1007.0
745.0
1029.0
1003.0
1359.0
463.0
696.0
732.0
1037.0
711.0
1009.0
983.0
1353.0
642.0
958.0
925.0
1313.0
968.0
1349.0
1254.0
1707.0
465.0
670.0
797.0
1074.0
673.0
943.0
1008.0
1350.0
646.0
934.0
992.0
1352.0
932.0
1285.0
1281.0
1706.0
696.0
998.0
1056.0
1430.0
946.0
1313.0
1309.0
1748.0
900.0
1285.0
1274.0
1731.0
1228.0
1678.0
1605.0
2127.0
113.0
277.0
280.0
516.0
245.0
474.0
415.0
716.0
219.0
466.0
400.0
719.0
429.0
741.0
613.0
997.0
229.0
490.0
424.0
757.0
403.0
729.0
601.0
999.0
358.0
702.0
567.0
983.0
610.0
1019.0
822.0
1303.0
261.0
494.0
519.0
824.0
395.0
693.0
656.0
1026.0
392.0
708.0
664.0
1052.0
604.0
985.0
879.0
1332.0
450.0
780.0
736.0
1138.0
626.0
1021.0
915.0
1382.0
604.0
1017.0
904.0
1389.0
858.0
1336.0
1161.0
1711.0
153.0
329.0
329.0
577.0
328.0
569.0
507.0
820.0
284.0
543.0
474.0
805.0
537.0
861.0
730.0
1126.0
291.0
564.0
495.0
840.0
508.0
846.0
715.0
1125.0
445.0
801.0
663.0
1091.0
740.0
1161.0
961.0
1454.0
353.0
598.0
620.0
937.0
530.0
840.0
800.0
1182.0
509.0
837.0
790.0
1190.0
764.0
1157.0
1048.0
1513.0
564.0
906.0
859.0
1273.0
783.0
1190.0
1081.0
1560.0
743.0
1168.0
1052.0
1549.0
1040.0
1530.0
1352.0
1914.0
308.0
513.0
543.0
820.0
532.0
802.0
770.0
1112.0
477.0
765.0
726.0
1086.0
779.0
1132.0
1031.0
1456.0
446.0
748.0
709.0
1083.0
712.0
1079.0
978.0
1417.0
638.0
1023.0
915.0
1372.0
982.0
1432.0
1262.0
1784.0
493.0
767.0
819.0
1165.0
719.0
1058.0
1048.0
1459.0
687.0
1044.0
1027.0
1456.0
991.0
1413.0
1334.0
1828.0
704.0
1075.0
1058.0
1501.0
972.0
1408.0
1329.0
1837.0
921.0
1375.0
1289.0
1815.0
1267.0
1786.0
1638.0
2229.0
446.0
663.0
690.0
979.0
713.0
995.0
960.0
1314.0
640.0
940.0
898.0
1270.0
985.0
1350.0
1246.0
1683.0
606.0
920.0
878.0
1264.0
915.0
1294.0
1190.0
1641.0
823.0
1220.0
1109.0
1578.0
1210.0
1672.0
1499.0
2033.0
683.0
969.0
1018.0
1376.0
952.0
1303.0
1290.0
1713.0
902.0
1271.0
1251.0
1692.0
1249.0
1683.0
1601.0
2107.0
916.0
1299.0
1279.0
1734.0
1227.0
1675.0
1593.0
2113.0
1158.0
1624.0
1535.0
2073.0
1547.0
2078.0
1927.0
2530.0
57.0
147.0
203.0
365.0
136.0
291.0
285.0
512.0
148.0
321.0
308.0
553.0
305.0
543.0
468.0
778.0
241.0
428.0
415.0
674.0
362.0
614.0
539.0
863.0
355.0
625.0
543.0
885.0
554.0
889.0
745.0
1152.0
128.0
287.0
365.0
596.0
209.0
433.0
449.0
745.0
244.0
486.0
495.0
809.0
403.0
710.0
657.0
1036.0
385.0
641.0
650.0
978.0
508.0
829.0
776.0
1169.0
524.0
863.0
803.0
1214.0
725.0
1129.0
1007.0
1483.0
84.0
186.0
239.0
413.0
206.0
373.0
364.0
603.0
200.0
385.0
369.0
626.0
400.0
650.0
572.0
894.0
290.0
489.0
473.0
744.0
454.0
718.0
640.0
976.0
429.0
711.0
626.0
980.0
671.0
1018.0
871.0
1290.0
207.0
378.0
453.0
696.0
331.0
567.0
580.0
888.0
348.0
602.0
608.0
934.0
550.0
869.0
813.0
1204.0
486.0
754.0
760.0
1100.0
652.0
985.0
929.0
1334.0
650.0
1001.0
938.0
1361.0
894.0
1310.0
1185.0
1673.0
224.0
355.0
438.0
641.0
395.0
591.0
612.0
880.0
378.0
592.0
606.0
892.0
627.0
906.0
858.0
1209.0
430.0
658.0
672.0
972.0
643.0
936.0
888.0
1253.0
607.0
918.0
863.0
1246.0
898.0
1274.0
1157.0
1605.0
332.0
532.0
637.0
909.0
505.0
770.0
813.0
1150.0
511.0
794.0
830.0
1185.0
762.0
1110.0
1084.0
1504.0
611.0
908.0
944.0
1313.0
826.0
1188.0
1162.0
1596.0
813.0
1193.0
1160.0
1612.0
1106.0
1551.0
1456.0
1973.0
349.0
492.0
572.0
787.0
563.0
771.0
789.0
1069.0
528.0
754.0
765.0
1063.0
820.0
1111.0
1060.0
1423.0
577.0
817.0
828.0
1140.0
833.0
1138.0
1087.0
1464.0
779.0
1102.0
1044.0
1439.0
1113.0
1501.0
1381.0
1841.0
509.0
721.0
823.0
1107.0
725.0
1002.0
1042.0
1391.0
713.0
1008.0
1041.0
1408.0
1007.0
1367.0
1338.0
1770.0
810.0
1119.0
1152.0
1533.0
1068.0
1442.0
1413.0
1859.0
1037.0
1429.0
1393.0
1857.0
1373.0
1830.0
1732.0
2261.0
128.0
299.0
277.0
520.0
268.0
504.0
420.0
728.0
257.0
511.0
420.0
746.0
475.0
794.0
641.0
1032.0
314.0
582.0
491.0
831.0
496.0
829.0
676.0
1081.0
466.0
817.0
657.0
1080.0
726.0
1142.0
920.0
1408.0
276.0
516.0
516.0
828.0
418.0
723.0
661.0
1038.0
430.0
753.0
684.0
1079.0
650.0
1038.0
907.0
1367.0
535.0
872.0
803.0
1212.0
719.0
1121.0
990.0
1464.0
712.0
1132.0
994.0
1486.0
974.0
1459.0
1259.0
1816.0
162.0
345.0
320.0
575.0
345.0
593.0
506.0
826.0
316.0
582.0
488.0
826.0
577.0
908.0
752.0
1155.0
370.0
650.0
556.0
908.0
595.0
940.0
784.0
1201.0
547.0
910.0
747.0
1182.0
850.0
1278.0
1053.0
1553.0
362.0
614.0
611.0
935.0
547.0
864.0
799.0
1188.0
541.0
876.0
804.0
1211.0
804.0
1204.0
1070.0
1542.0
643.0
992.0
920.0
1341.0
870.0
1284.0
1150.0
1636.0
845.0
1277.0
1136.0
1640.0
1150.0
1647.0
1444.0
2013.0
352.0
564.0
569.0
853.0
584.0
861.0
804.0
1153.0
544.0
839.0
775.0
1142.0
854.0
1214.0
1088.0
1520.0
560.0
869.0
805.0
1186.0
834.0
1208.0
1082.0
1528.0
775.0
1167.0
1034.0
1498.0
1127.0
1584.0
1389.0
1918.0
537.0
818.0
845.0
1198.0
771.0
1117.0
1082.0
1500.0
754.0
1118.0
1076.0
1512.0
1066.0
1495.0
1391.0
1892.0
818.0
1196.0
1154.0
1604.0
1094.0
1537.0
1433.0
1948.0
1058.0
1519.0
1408.0
1941.0
1412.0
1938.0
1765.0
2363.0
484.0
708.0
710.0
1006.0
759.0
1048.0
988.0
1349.0
701.0
1008.0
941.0
1320.0
1054.0
1426.0
1297.0
1741.0
714.0
1035.0
968.0
1361.0
1031.0
1417.0
1288.0
1746.0
954.0
1358.0
1222.0
1698.0
1349.0
1818.0
1620.0
2161.0
721.0
1014.0
1038.0
1403.0
998.0
1356.0
1318.0
1748.0
963.0
1339.0
1294.0
1742.0
1318.0
1759.0
1652.0
2165.0
1024.0
1414.0
1369.0
1831.0
1343.0
1798.0
1691.0
2218.0
1289.0
1762.0
1648.0
2193.0
1686.0
2224.0
2048.0
2658.0
191.0
334.0
434.0
649.0
310.0
518.0
556.0
836.0
308.0
534.0
565.0
863.0
505.0
796.0
765.0
1128.0
392.0
632.0
663.0
975.0
553.0
858.0
827.0
1204.0
532.0
855.0
817.0
1212.0
771.0
1159.0
1059.0
1519.0
325.0
537.0
659.0
943.0
446.0
723.0
783.0
1132.0
467.0
762.0
815.0
1182.0
666.0
1026.0
1017.0
1449.0
599.0
908.0
961.0
1342.0
762.0
1136.0
1127.0
1573.0
764.0
1156.0
1140.0
1604.0
1005.0
1462.0
1384.0
1913.0
228.0
383.0
480.0
707.0
390.0
610.0
645.0
937.0
370.0
608.0
636.0
946.0
610.0
913.0
879.0
1254.0
451.0
703.0
731.0
1055.0
655.0
972.0
938.0
1327.0
616.0
951.0
910.0
1317.0
898.0
1298.0
1195.0
1667.0
414.0
638.0
757.0
1053.0
578.0
867.0
924.0
1285.0
581.0
888.0
938.0
1317.0
823.0
1195.0
1183.0
1627.0
710.0
1031.0
1081.0
1474.0
916.0
1302.0
1290.0
1748.0
900.0
1304.0
1285.0
1761.0
1184.0
1653.0
1572.0
2113.0
412.0
596.0
723.0
979.0
623.0
872.0
937.0
1258.0
592.0
859.0
917.0
1256.0
881.0
1213.0
1209.0
1613.0
635.0
916.0
974.0
1327.0
888.0
1234.0
1230.0
1648.0
838.0
1202.0
1191.0
1627.0
1169.0
1598.0
1525.0
2026.0
583.0
836.0
985.0
1310.0
796.0
1114.0
1201.0
1591.0
788.0
1124.0
1204.0
1612.0
1079.0
1480.0
1498.0
1971.0
879.0
1229.0
1309.0
1731.0
1134.0
1549.0
1567.0
2054.0
1107.0
1540.0
1551.0
2056.0
1440.0
1938.0
1887.0
2457.0
547.0
743.0
867.0
1135.0
801.0
1062.0
1124.0
1457.0
752.0
1031.0
1086.0
1437.0
1084.0
1428.0
1421.0
1837.0
792.0
1085.0
1140.0
1505.0
1088.0
1446.0
1439.0
1869.0
1020.0
1396.0
1382.0
1830.0
1394.0
1835.0
1759.0
2272.0
770.0
1035.0
1181.0
1518.0
1026.0
1356.0
1440.0
1842.0
1000.0
1348.0
1425.0
1845.0
1334.0
1747.0
1762.0
2247.0
1088.0
1450.0
1527.0
1961.0
1386.0
1813.0
1828.0
2327.0
1341.0
1786.0
1794.0
2311.0
1717.0
2227.0
2173.0
2755.0
315.0
539.0
561.0
857.0
495.0
784.0
744.0
1105.0
470.0
777.0
730.0
1109.0
728.0
1100.0
991.0
1435.0
518.0
839.0
792.0
1185.0
740.0
1126.0
1017.0
1475.0
696.0
1100.0
984.0
1460.0
996.0
1465.0
1287.0
1828.0
526.0
819.0
863.0
1228.0
708.0
1066.0
1048.0
1478.0
706.0
1082.0
1057.0
1505.0
966.0
1407.0
1320.0
1833.0
802.0
1192.0
1167.0
1629.0
1026.0
1481.0
1394.0
1921.0
1005.0
1478.0
1384.0
1929.0
1307.0
1845.0
1689.0
2299.0
359.0
595.0
614.0
922.0
582.0
883.0
840.0
1213.0
539.0
858.0
808.0
1199.0
840.0
1224.0
1112.0
1568.0
584.0
917.0
867.0
1272.0
849.0
1247.0
1135.0
1605.0
787.0
1203.0
1084.0
1572.0
1130.0
1611.0
1430.0
1983.0
622.0
927.0
968.0
1345.0
847.0
1217.0
1196.0
1638.0
827.0
1215.0
1187.0
1647.0
1130.0
1583.0
1493.0
2018.0
920.0
1322.0
1294.0
1768.0
1187.0
1654.0
1564.0
2103.0
1148.0
1633.0
1536.0
2093.0
1493.0
2043.0
1884.0
2506.0
593.0
858.0
907.0
1244.0
865.0
1195.0
1182.0
1584.0
811.0
1159.0
1139.0
1559.0
1161.0
1574.0
1492.0
1977.0
818.0
1180.0
1160.0
1594.0
1132.0
1559.0
1477.0
1976.0
1059.0
1504.0
1415.0
1932.0
1451.0
1961.0
1810.0
2392.0
841.0
1175.0
1246.0
1652.0
1115.0
1514.0
1523.0
1994.0
1084.0
1501.0
1503.0
1992.0
1436.0
1918.0
1858.0
2412.0
1139.0
1570.0
1572.0
2075.0
1455.0
1951.0
1891.0
2459.0
1405.0
1919.0
1852.0
2438.0
1799.0
2378.0
2249.0
2900.0
735.0
1012.0
1058.0
1407.0
1050.0
1392.0
1376.0
1790.0
978.0
1338.0
1315.0
1747.0
1371.0
1796.0
1711.0
2208.0
982.0
1356.0
1333.0
1779.0
1339.0
1778.0
1693.0
2204.0
1248.0
1705.0
1613.0
2142.0
1683.0
2205.0
2051.0
2645.0
1035.0
1381.0
1449.0
1867.0
1352.0
1763.0
1769.0
2252.0
1303.0
1732.0
1731.0
2232.0
1698.0
2192.0
2129.0
2695.0
1355.0
1798.0
1797.0
2312.0
1714.0
2222.0
2159.0
2739.0
1646.0
2172.0
2102.0
2700.0
2083.0
2674.0
2542.0
3205.0
