0.0 
12.0 13.0 
17.0 18.0 30.0 
0.0 0.0 19.0 0.0 
20.0 17.0 0.0 18.0 21.0 
17.0 0.0 16.0 22.0 30.0 21.0 
18.0 0.0 13.0 0.0 22.0 28.0 11.0 
0.0 0.0 25.0 27.0 21.0 29.0 0.0 28.0 
25.0 11.0 11.0 23.0 23.0 16.0 11.0 22.0 0.0 
21.0 28.0 24.0 18.0 16.0 0.0 16.0 14.0 13.0 27.0 
13.0 23.0 0.0 15.0 22.0 17.0 0.0 0.0 13.0 21.0 29.0 
0.0 0.0 14.0 0.0 23.0 24.0 29.0 11.0 16.0 0.0 0.0 0.0 
29.0 0.0 20.0 0.0 29.0 24.0 0.0 0.0 0.0 11.0 0.0 26.0 0.0 
0.0 15.0 0.0 0.0 16.0 14.0 0.0 28.0 21.0 30.0 19.0 30.0 16.0 24.0 
18.0 0.0 0.0 29.0 0.0 0.0 30.0 16.0 0.0 0.0 0.0 18.0 19.0 11.0 0.0 
29.0 21.0 0.0 26.0 13.0 0.0 0.0 0.0 16.0 0.0 22.0 21.0 0.0 0.0 0.0 27.0 
15.0 28.0 11.0 23.0 29.0 11.0 17.0 11.0 30.0 0.0 26.0 14.0 28.0 26.0 14.0 24.0 30.0 
30.0 30.0 27.0 0.0 19.0 14.0 0.0 19.0 26.0 24.0 0.0 15.0 23.0 27.0 29.0 0.0 15.0 16.0 
24.0 25.0 19.0 28.0 20.0 23.0 0.0 19.0 0.0 0.0 14.0 0.0 29.0 12.0 0.0 24.0 0.0 27.0 27.0 
